ClockWise Rotation 90
--------------------
00 01 02    20 10 00
10 11 12 => 21 11 01
20 21 22    22 12 02


ClockWise Rotation 180
--------------------
00 01 02    22 21 20
10 11 12 => 12 11 10
20 21 22    02 01 00


AntiClockWise Rotation 90
--------------------
00 01 02    02 12 22
10 11 12 => 01 11 21
20 21 22    00 10 20

          00 01 02
          10 11 12
          20 21 22
00 01 02  00 01 02  00 01 02  00 01 02  
10 11 12  10 11 12  10 11 12  10 11 12  
20 21 22  20 21 22  20 21 22  20 21 22
          00 01 02
          10 11 12
          20 21 22